#
# Sprite sheet data for Unity.
#
# To import these sprites into your Unity project, download "TexturePackerImporter":
# http://www.codeandweb.com/texturepacker/unity
#
# Sprite sheet: sprites.png (1024 x 1024)
# $TexturePacker:SmartUpdate:dce4e438645c3bb464a1c8dee6bfad9d:ccfc9348af1b8964bc0bb17f532b9e2d:2d43150e182b09a0f16643f22d3ab397$
#
:normalmap=sprites_n.png

turn/0001;553;109;165;300;0.5;-0.05666666666666664
turn/0002;553;109;165;300;0.5;-0.05666666666666664
turn/0003;412;100;139;304;0.46402877697841727;-0.0625
turn/0004;412;100;139;304;0.46402877697841727;-0.0625
turn/0005;160;393;124;310;0.5846774193548387;-0.058064516129032295
turn/0006;160;393;124;310;0.5846774193548387;-0.058064516129032295
turn/0007;148;75;127;312;0.7598425196850394;-0.05128205128205132
turn/0008;148;75;127;312;0.7598425196850394;-0.05128205128205132
turn/0009;579;421;127;298;0.7204724409448819;-0.057046979865771785
turn/0010;579;421;127;298;0.7204724409448819;-0.057046979865771785
turn/0011;302;717;149;305;0.6879194630872483;-0.05901639344262288
turn/0012;302;717;149;305;0.6879194630872483;-0.05901639344262288
walk/0001;2;389;156;314;0.4967948717948718;-0.019108280254777066
walk/0002;2;389;156;314;0.4967948717948718;-0.019108280254777066
walk/0003;453;721;166;301;0.5572289156626506;-0.04651162790697683
walk/0004;453;721;166;301;0.5572289156626506;-0.04651162790697683
walk/0005;286;406;150;305;0.44333333333333336;-0.05245901639344264
walk/0006;286;406;150;305;0.44333333333333336;-0.05245901639344264
walk/0007;438;411;139;304;0.36330935251798563;-0.05921052631578938
walk/0008;438;411;139;304;0.36330935251798563;-0.05921052631578938
walk/0009;163;713;137;309;0.4343065693430657;-0.03559870550161803
walk/0010;163;713;137;309;0.4343065693430657;-0.03559870550161803
walk/0011;277;82;133;309;0.4774436090225564;-0.01941747572815533
walk/0012;277;82;133;309;0.4774436090225564;-0.01941747572815533
walk/0013;2;75;144;312;0.4201388888888889;-0.028846153846153744
walk/0014;2;75;144;312;0.4201388888888889;-0.028846153846153744
walk/0015;2;705;159;317;0.44339622641509435;-0.01577287066246047
walk/0016;2;705;159;317;0.44339622641509435;-0.01577287066246047
